shivam@rogPC:~/Documents/explo$ python2 final_2.py


selected candidate seeds, community wise
275
6
8
33
23
150
78
89
110
36
220
233
244
263
464
198
467
583 578 627
581
600
798
863
862
872
1808
1197
1002
1177
1890
1194
1268
2017
2281
2527
2962
2691
3251
2774
58
3105
3126
3268
3338
3402
3861
3918 3759
3898 3562
3652
3560
3502
3717
3628 3538
3746
3823
3987
3990
4001
1118 901
3318 2670
3933
1548
1733
3836
2959
3747 3587
3912
1985 2233 2206 2410 2229 2218 2078 2123 1993 2464 2240 2244 2309 1983 2088 2131 2602 2590
1837
2507 2560
143
1889
3200
53 346 249
539
861
369 469
1990
137
885
3081
3439
2604
1988 2207
320
389
3647
3960
2062 2501
2603
3526
2266
1468
167
175
881
2528
3720
226
3567
2007 1577 2598 1718 2336 2187
1779
804
1133
1171
2099
3270
3848
1043
3581
2558
343
1972 2171 2364
1544
3141
4023
825
1594
2421
2422
3290
3155
3477
1014 1786 1893 1742
2949
2352
1901
2217
3139
3487
839
2384
1631
3521 3442 3455
2020
326
230
270
19
708
2497
2614
2106
3121
3799
3954
3999
3728
2659 1980 2620
2199
1881 1113
2049 1975
886
1104 1235 1204 1459 1345 1583
422 592
1020
3662
2087 2292
694 853 784
1970
3548
3281
1687
870
3924 3951
3010
107 1888 1800 1431 1199 1584 1589
2047
3291 3082 3397
2511
2177
2535
3360 3188
14
3869
2529
1667
301
269
179
383
386
596
904
1317
1654
2453
3546
3801
2283
2537
3680
1900
312
2509
3072
2863 3035
3239
896
4004
1536 1876
3475
634
1684 2839
2597
2742
2713
214
3482
1612 946
2344
3258
1705
1547
879
3470
3963
3829 3738
3437 3830 3633 3756
2512 2582
2313 2448
1153 1598
2530
2116
2951 3154
975
1549
818
636
2028
1220
2514
2730 3256
4031
1663 1352 1730 1768
1831 1694
917
3838 3611 3824
446
705
3320
510
1144
3426 2877
1923
2966
1707
1785
2858
2567
463 452 531
1238 1256
2242
67 25 26
2461
2226
2265
4021
3201
3956
2215
2997
3226
532
409
1649
31
283
351
508
1553 1307
3045
686 828
2472
606 1358 651
2986 2960 2927
1376 1835
3078
1611
1827 1622
1360 1555
1912 2543
0 56 271 119
503 493
373
609
2225
1879
3033
787
3640 3576
957
3022 2866
348 428 484 517
1006
3347
1573
1211
1127
3101 3434
2406
2144
431
789
1249
2780
1328
1221 1100
166
778
832
2022
1699
3596
1752
847
1131
834
1485
2726
3860
1234
3293
1580
2786 2956
780
3177
3542
3275 3186
1482
3102
2250
479
2916
3075
3232
1226
664
3166
574
2412 2120
713
1794
969
2126 2361
724
637 580
3734
172
2387
3584
3076 3350
49
757
1537
3996
641
703 728
1148
2776
3727
1623
605
974
2189
1205
2434
9 188
1604 1447
1079
506
792
1653
2978
1702 1909
376
2129
3793
768
3263
3568
3366
3679
3529
3038
3968
417
2937
1040
3002
846
1254
2337
3073
460
3719
2690 2784
3779
1647
1964
1472
1469
1750
1806
1725
797
3980 4030
182
124
472
822
1693
3703
3090
3782
3388
1085
594
2778
3385
2773
339
2915 2890
3627
1807
2091
553
414 591
3784
3536
1160
833
1159
258
2999
1620
261
1703
685
2357
3327
3231
1844
3464
3087
3295
72
3220
1520
334
1315
3104
1789
2716
2663
3506
1563
511
3758
814
1230
913
3617 3690
3684 3971
616
483
1761
3000
2459
128
2345
2044
3324
3167
303
3107
192
498
1711
1797
3517
3544
3887
4020
3178 3211
1427
123
2715
1496
186
3111
2232
1609
2092
1408
1003
982
445
1150
1048
944
2683
2673
40 329
2143
54
3504
932
1480
3880
2729
1639
3051
3052 3303
120
427
2641
1572
657
906
2954
1664
2805
924
3137
1025
2775
3191
362
2350
3468
1139
2429
2267
3886
257
1094
3153
849
2231
927
803
1850
3089
185
48
2523
794
1590
504
322
3891
1505
831
786
1087
1896
3507
420
3403
1685
3136
1758
496
3331
3764
3036
2656
3069
1240
3694
2298
3940
698
3017
941
1545
3550
3828
2156
2452
3459
3934
3664
920
2895
3847
2572
1527
2316
2519
3592
3007
2938
1950
2502
2783
3621
260
740
2456
2688
2449
1074
38
1170
1540
173
5
1013
2751
1357
121
723
2391
3949
161
3117
922
1418
3024
2813
3148
1327
1666
3612
1863
449
2734
563
1934
3556
1519
29
96
961
3431
3203
3302
1656
1674
1561
2812
905
130
3173
3496
2665
568
1093
3770
2884
991
3914
1531
3326
132
2818
3583
3341
1518
1283
2791
1286
1860
3157
3009
Running time
2.78133797646
[[275, 181, 4, 152], [6, 147, 219, 154], [8, 91, 259, 193, 245, 201, 61], [33, 42], [23, 84, 83, 51, 237, 267], [150, 100, 217, 189, 64, 163], [78, 195, 218, 273, 306, 328], [89, 319, 95, 327], [110, 264], [36, 135, 309], [220, 262], [233, 256], [244, 282], [263, 296, 102], [464, 384, 552], [198, 364, 564, 441, 501, 399, 393, 476], [467, 572], [583, 578, 627, 658, 659, 662, 615, 670, 640, 599, 675, 681, 577, 632, 650, 635, 582, 595, 647, 665, 576, 628], [581, 642], [600, 643, 661], [798, 717, 852, 855], [863, 876, 878], [862, 857, 865, 868], [872, 874, 873, 887], [1808, 912, 1657, 1776, 910], [1197, 1045, 1384, 1030, 1788, 955, 1368, 1111], [1002, 1105, 1208], [1177, 956, 1016, 1403], [1890, 1627, 1027], [1194, 1046, 1586], [1268, 1202, 1200, 1253, 1071, 1326], [2017, 1996, 2565], [2281, 2487, 1956, 2094, 2245, 1961, 2167, 2634, 2481], [2527, 2483, 2595], [2962, 3373, 3015, 2671, 2721, 3091, 2824], [2691, 2792, 3037], [3251, 2930, 3131, 3180, 3181, 2732, 2902, 3372], [2774, 3055, 3074, 3127, 2817, 3147], [58, 2838, 3003, 2814], [3105, 3122, 3218, 3354, 2799], [3126, 3322, 3336], [3268, 3407], [3338, 3427], [3402, 2926, 3425, 3376, 3401, 3429], [3861, 3539, 3904, 3444, 3849, 3742, 3678, 3890], [3918, 3759, 3837, 3519, 3579, 3465, 3708, 3975, 3476, 3701, 3965, 3910, 3854, 3879], [3898, 3562, 3613, 3649, 3695, 3883, 3479, 3516, 3481, 3523, 3639, 3919], [3652, 3665, 3489, 3676], [3560, 3691], [3502, 3669, 3700, 3813, 3864, 3911], [3717, 3744], [3628, 3538, 3725, 3743, 3868, 3473, 3739, 3917, 3819, 3657, 3871, 3445], [3746, 3846], [3823, 3781, 3946], [3987, 4012], [3990, 4007, 4016, 4025], [4001, 4029], [1118, 901, 903, 1333, 963, 1378, 1601, 1137, 1232, 958, 1629, 1363, 1186, 1802], [3318, 2670, 3325, 2889, 2703, 3309, 3382, 2972, 2879, 3423, 3283, 2699, 3311, 2834], [3933, 3791, 3500, 3776], [1548, 1097, 1880, 938], [1733, 1787, 1216, 992, 1314, 1747, 1424], [3836, 3774, 3957, 3757, 3571, 3675, 3899], [2959, 3008, 3314, 2982, 2767], [3747, 3587, 3478, 3920, 3967, 3809, 3655, 3964, 3783, 3766, 3607], [3912, 3874, 3892, 3541], [1985, 2233, 2206, 2410, 2229, 2218, 2078, 2123, 1993, 2464, 2240, 2244, 2309, 1983, 2088, 2131, 2602, 2590, 2369, 2324, 2542, 2073, 2220, 2607, 2188, 2059, 2172, 1943, 2150, 1946, 2526, 2201, 1917, 2331, 2090, 1938, 2118, 2624, 2586, 2030, 1962, 2625, 2184, 2593, 2275, 2615, 2290, 2103, 2323, 2414, 2339, 2600, 2104, 2500, 2326, 2271, 2395, 2376, 2492, 1984, 2354, 2093, 2468, 2381, 2045, 1971, 1979, 2278, 2630, 2553, 2033, 2200, 2037, 2356, 2140, 2404, 2124, 2460, 2655, 2374, 2190, 2069, 2363, 2638, 2559, 2423, 2108, 2578, 2619, 2074, 2550, 2446, 1918, 2482, 2154, 2112, 2370, 2551, 2253, 2308, 2299, 2005, 2257, 2276, 2095, 2408, 1986, 2040, 2654, 1929, 2348, 2504, 2359, 2433, 2083, 2122, 2430, 2495, 2307, 2575, 2212, 2539, 2386, 2334, 2485, 2115, 2086, 2469, 2109, 1997, 2646, 2216, 2556, 2467, 2261, 2165, 2077, 2484, 1925, 2329, 1953, 2418, 2306, 2477, 2552, 2563, 2489, 2532, 2060, 2213, 2574, 2210, 2591, 2462, 2179, 2554, 2499, 2392, 2164, 2407, 1989, 1963, 2353, 2606, 2136, 2055, 2287, 2536, 2311, 2258, 2613, 2021, 2524, 2442], [1837, 1895, 1371, 1533, 1798, 1452, 1784], [2507, 2560, 2340, 2428, 2564, 2139, 2409, 2043, 2121, 2546, 2521, 2063, 2623], [143, 177, 225, 278, 131, 86, 46, 321, 35], [1889, 1138, 1499, 1218, 979, 1562, 1546], [3200, 3053, 2857], [53, 346, 249, 242, 80, 94, 204, 92, 180, 302, 299, 101, 194, 266, 254, 24, 187, 330, 57, 196, 300], [539, 522, 429, 466, 529], [861, 888], [369, 469, 516, 457, 518, 554, 357, 509, 477, 380, 485], [1990, 2248], [137, 310, 337, 93, 243, 216], [885, 776, 867, 877, 859], [3081, 3061, 2957, 3405, 2685, 3308, 3266, 3398, 3159], [3439, 3932, 3513, 3952, 3699], [2604, 2601, 2064, 2237], [1988, 2207, 2622, 2401, 1982, 2650, 2349, 2486, 2170, 2426, 2076, 2444, 2320, 1992, 2513, 2490, 2515, 2466, 2255, 1924], [320, 184, 197, 127, 281, 284, 251, 159, 108, 139], [389, 424, 551, 486, 505, 381, 459, 435], [3647, 3716], [3960, 3696, 3641], [2062, 2501, 2101, 2235, 2396, 2438, 2243, 2280, 1981, 2652, 2390, 2222, 2415, 2096, 2568], [2603, 2075, 2479, 2274], [3526, 3505, 3508, 3850, 3698, 3472, 3685, 3644, 3840], [2266, 2142, 2611, 1966, 2084, 2300, 2056, 2478], [1468, 1568, 1319, 1493, 1648, 1892], [167, 32], [175, 227, 99, 68], [881, 895, 858], [2528, 2263, 2227, 2621, 2431], [3720, 3789, 3923, 3751, 3749, 3632, 3787, 3653, 3807], [226, 149, 2, 162], [3567, 3595, 3857], [2007, 1577, 2598, 1718, 2336, 2187, 2032, 1945, 2068, 2138, 2510, 1926, 136, 2471, 2268, 2224, 2279, 2149, 2463, 2071, 2302, 2649, 2319, 2491, 2174, 2241, 2223, 2180, 2039, 2127, 2169, 2398, 2372, 2616, 2533, 2608, 2508, 2042, 1932, 2436, 1955, 2254, 2135, 2134, 2417, 2198, 2285, 2259, 2239, 2571, 2249, 2522], [1779, 1585, 1564, 1441, 1434, 1055, 1266, 1822], [804, 889, 729], [1133, 1442, 899], [1171, 171, 1387, 1297, 1486, 2704, 2740], [2099, 2358, 2230], [3270, 2980], [3848, 3844], [1043, 909], [3581, 3594], [2558, 2450, 2113, 2100], [343, 20, 333], [1972, 2171, 2364, 1973, 1951, 1995, 2001, 2284, 2640, 2538, 1927, 2365, 2645, 1998, 2024, 2006, 2004, 1991, 2447, 2647, 2583, 2157, 2494, 2297, 2639, 1958, 1999, 2000, 2016], [1544, 1905, 1050], [3141, 2861, 3216], [4023, 3998, 3997, 3994, 4009, 3981, 4019, 4018, 4003, 4034], [825, 864, 884, 893], [1594, 1157, 1383], [2421, 2034, 2437, 2204], [2422, 2441], [3290, 2885], [3155, 3063, 3368], [3477, 3637, 3565], [1014, 1786, 1893, 1742, 1373, 1502, 1282, 1261, 1066, 1820, 1495, 942, 1894, 1824, 1166, 1099, 1828, 954, 1396, 1454, 1018, 1751, 1732, 1108, 984, 1582, 1281, 1245, 1595, 898, 1848, 1638, 1451, 1907, 919], [2949, 3066, 3128, 2886, 3083, 3310], [2352, 2520, 2549, 2561], [1901, 1696, 1599, 1814, 1731, 1162], [2217, 2439, 2548, 2375], [3139, 3430, 3392, 3095], [3487, 3551, 3566, 3723, 3530, 3961, 3925, 3673], [839, 714, 725], [2384, 2111, 2328, 2054, 1959], [1631, 1490], [3521, 3442, 3455, 3705, 3629, 3599, 3722, 3553, 3921, 3740, 3590, 3713, 3835, 3867, 3907, 3636, 3753, 3615, 3862, 3608, 3498, 3802, 3815, 3715, 3773, 3865, 3597], [2020, 2573, 2506, 2046, 2098, 2579, 2631], [326, 116, 144], [230, 307, 71, 70], [270, 76], [19, 174, 112, 293, 138], [708, 769, 753, 811, 869, 890, 735], [2497, 2314, 2403, 1978], [2614, 2051, 2632], [2106, 2168], [3121, 2808], [3799, 3616, 3638], [3954, 3733], [3999, 4005, 4036], [3728, 3710, 3735, 3663, 3666, 3977], [2659, 1980, 2620, 1919, 2657, 1935, 2202, 2061, 2159, 2648, 1914, 2633, 2627, 2585, 1921, 1957, 1931, 2097, 2660, 2658, 2346, 1968, 2626, 2025], [2199, 2081, 2333, 2282, 2053], [1881, 1113, 1565, 1332, 1318, 1766, 1210, 948, 1763, 1695, 1464, 1660, 1870, 1526, 1430], [2049, 1975, 2397, 2335, 2411, 2173, 2474, 2286, 1936, 2534, 2503, 2193, 1930, 2175, 2580], [886, 882], [1104, 1235, 1204, 1459, 1345, 1583, 1192, 1591, 1322, 1462, 1479, 1227, 1628, 1899, 1596, 1636, 1231, 1347, 1857, 1475, 1298, 1576, 1158, 1715, 1426, 1423, 1129, 1691, 1716, 1413, 1009, 1655, 1862, 1587, 1448, 1060, 1872, 1279, 988, 1903, 1190, 1550, 1682, 1392, 1115, 1635, 1350, 1381, 1414, 1417, 1755, 1176], [422, 592, 579, 630, 654, 573, 653, 680, 619, 617, 598, 590, 648], [1020, 1102, 1812, 1309, 1382, 1324, 1508, 1316], [3662, 3549, 3624, 3905], [2087, 2292, 2117, 2153, 2555, 2102, 2629, 1920, 2196, 2338, 2194, 1948, 1465, 2332, 2026, 2128, 2293, 2137, 2544, 2496], [694, 853, 784, 752, 820, 842, 800, 773, 766, 829, 810, 696, 727, 738, 711, 795, 772, 722, 751, 710, 761, 851, 854], [1970, 2003, 2110, 2221, 2432, 1952], [3548, 3908, 3661, 3897], [3281, 3367], [1687, 1136, 1825, 1494], [870, 871], [3924, 3951, 3833, 3826, 3718, 3870, 3969, 3909, 3896, 3976, 3958], [3010, 3394, 3080, 2809], [107, 1888, 1800, 1431, 1199, 1584, 1589, 1086, 1746, 1804, 1390, 1833, 1714, 1078, 1613, 1610, 1399, 1391, 1471, 1839, 1516, 1184, 1420, 916, 1603, 1717, 1250, 1816, 1757, 1823, 1491, 1341, 1267, 1004, 1617, 947, 1291, 1302, 967, 1530, 1810, 1643, 1737, 1538, 1796, 1614, 1293, 1365, 1524, 1401, 1386, 1119, 1145, 918, 911, 1206, 1560, 1581, 1834, 1096, 1466], [2047, 2289, 2133, 2642, 2038, 2176, 2419, 2325], [3291, 3082, 3397, 2793, 3330, 3252, 3198, 2901, 3344, 2748, 2973, 3120, 3140, 3240, 3106, 2989, 3355, 3391, 2753, 3386, 2720, 2950, 3160], [2511, 2072, 2327, 2617, 2451, 2458, 2594], [2177, 2252], [2535, 2301], [3360, 3188, 2914, 3260, 2846, 3013, 3209, 2687, 3109, 3194, 3175], [14, 28, 151], [3869, 3714, 3706, 3572], [2529, 2355, 2389, 2531, 1913, 2400, 2413, 2312], [1667, 964, 1672, 1213, 1005, 1089, 1739, 1855, 1354, 1065], [301, 47], [269, 81, 286], [179, 145, 90], [383, 377], [386, 401], [596, 678, 584, 682, 631, 639, 679, 660, 1233], [904, 1224], [1317, 1701, 1838, 929], [1654, 1455, 1762], [2453, 1974, 2651, 2505], [3546, 3490, 3446, 3863, 3531, 3585, 3771, 3441], [3801, 3885], [2283, 2183, 2592], [2537, 2394, 2161], [3680, 3794, 3900, 3486, 3822, 3569, 3463, 3509, 3591], [1900, 1063, 1069, 972], [312, 41, 115, 111, 44, 279, 305], [2509, 2294], [3072, 3020, 2983, 2933, 2935], [2863, 3035, 3351, 3267, 3277, 2674, 2939, 3297, 3419, 2853, 3169, 2712, 3296, 3016, 2802, 3094, 3006], [3239, 3070, 3146, 3416, 3021, 2765, 2970, 3316], [896, 1277], [4004, 3995, 3988, 3993, 3985], [1536, 1876, 1236, 1260, 1634, 1355, 1686, 1188, 1299, 1225, 1167, 1310, 1633, 965, 1042, 943, 986, 1690], [3475, 3471, 3845, 3485], [634, 646, 587, 586], [1684, 2839, 3363, 2754, 2944, 2943, 2867, 2689, 2880, 2852, 3031, 3071, 3183, 3230, 2842], [2597, 2420, 2315, 1994], [2742, 2849, 3049, 3247, 3335, 3206], [2713, 3420, 3223, 3103, 3241, 3410, 3371], [214, 17, 140, 289], [3482, 3598, 3936], [1612, 946, 1185, 1799, 1269, 1467, 1735, 1886, 1305, 1149, 1272, 1028, 1782, 1092], [2344, 1947, 2377, 2132], [3258, 3011, 2958, 3079, 2672, 2684, 2797, 2701, 3262, 2733], [1705, 1421, 1410, 950], [1547, 966, 1351], [879, 866, 894], [3470, 3778, 3769, 3876, 3827, 3588], [3963, 3806, 3939], [3829, 3738, 3469, 3460, 3466, 3634, 3915, 3443, 3761, 3554, 3510, 3602, 3937, 3561, 3630, 3668, 3942], [3437, 3830, 3633, 3756, 3851, 3948, 3495, 3577, 3456, 3501, 3677, 3448, 3449, 3586, 3651, 3721, 3943, 3697, 3889, 3944, 3765, 3451, 3798, 3820, 3570, 3709, 3853, 3856, 3650, 3935, 3729, 3748, 3453, 3974], [2512, 2582, 2475, 2498, 1940, 2273, 2588, 2151, 2002, 2010, 2343, 1916, 2368, 2399], [2313, 2448, 2228, 2035, 2342, 2089, 2618, 2570, 2082, 2402, 2380], [1153, 1598, 1456, 1902, 1665, 1172, 1370, 960, 1163, 1156, 1542, 1068], [2530, 2065, 2208], [2116, 2018, 2378, 2009, 2027, 1976, 2636, 2012], [2951, 3154, 3077, 3412, 3207, 2728, 3086, 3285, 3176, 3359, 3125], [975, 1379, 1120, 1404, 981, 902, 1873, 1438], [1549, 915, 1625, 1773, 1801], [818, 806, 771, 732, 802, 788], [636, 618, 597, 677, 625, 589, 684, 603, 623, 611], [2028, 2643, 2148], [1220, 1498], [2514, 2066, 2517], [2730, 3256, 3253, 2758, 3365, 2955, 3196, 2718, 3187, 3264, 2843, 2844, 2735, 2816, 3358, 3408], [4031, 4038, 4013], [1663, 1352, 1730, 1768, 1126, 1377, 1621, 1559, 1551, 1554, 1522, 1813, 1146, 1222, 1669, 1361, 1124, 980, 1570, 1842, 1675, 1214, 1243, 1191, 978, 1861, 1135, 1723, 1439, 1463, 1239], [1831, 1694, 1910, 1497, 1453, 1064, 1212, 1743, 1356, 1566, 1478, 939, 1829, 931, 1342, 1372], [917, 1783, 1871, 1729, 1661, 1032, 1515, 1273, 1303, 1007], [3838, 3611, 3824, 3804, 3488, 3966, 3672, 3930, 3790, 3926, 3902, 3514, 3702, 3528, 3884, 3518, 3687, 3730, 3635, 3559, 3578, 3707, 3670, 3852, 3913, 3450, 3762, 3832, 3686, 3928], [446, 490, 491, 502], [705, 781, 827], [3320, 2719, 2992, 2976], [510, 421, 543, 350, 426, 372, 407, 528, 433, 533], [1144, 1676, 1251, 1061, 928], [3426, 2877, 2669, 2906, 2909, 3174, 3284, 2911, 3108, 3065, 3004, 2745, 2908], [1923, 2610, 2155, 2416, 2209, 2425, 2525, 2557, 2310, 2205], [2966, 3387, 2755, 2827, 3195, 3149], [1707, 1736, 1662, 1331, 1793, 1107, 1849], [1785, 1749, 1248, 937, 1264], [2858, 2898, 3424], [2567, 2351, 2191], [463, 452, 531, 355, 555, 557, 547, 367, 548, 546, 396, 481, 354, 359, 458, 519, 489, 361, 450, 474, 403, 470, 410, 382, 390, 562, 530], [1238, 1256, 1488, 1868, 1619, 1809, 1083, 1741, 1826, 1898, 1271, 1288, 1605, 1380, 1402, 1207, 1457, 1722, 1091], [2242, 2318, 2637, 2029, 1944, 2272, 2480, 2362, 2141], [67, 25, 26, 252, 21, 277, 122, 200, 304, 142, 280, 332, 169, 236, 297, 248, 10, 208, 311, 125, 153], [2461, 2247, 2125, 2052, 2246, 2516, 2518], [2226, 2296, 2085, 2612, 2566, 2581, 2186, 2048], [2265, 1977, 2256], [4021, 3986, 4017, 4000, 4026, 3992, 4033, 3983], [3201, 3132, 2833, 2828, 3288, 3235], [3956, 3752, 3972, 3726, 3582], [2215, 2385, 2057, 1987, 1969], [2997, 3028, 3012], [3226, 3096, 3064, 2717, 3040, 3250], [532, 437, 406, 499, 379], [409, 368, 352, 375], [1649, 971, 1503, 1241, 1481], [31, 168, 22, 129, 347], [283, 228], [351, 454], [508, 534, 478, 349], [1553, 1307, 1511, 1615, 1433, 1698, 1325, 1033, 970, 900, 1708], [3045, 3059, 2952], [686, 828, 805, 824, 747, 823, 830, 697, 688, 819, 774, 840, 845, 848, 737, 880, 721, 744, 692, 801], [2472, 2465, 2609, 2599], [606, 1358, 651, 1574, 1320, 1237, 1616, 1692, 1179, 1155, 1374, 1673, 1001, 1114, 1778, 936, 1740, 1677, 1767, 1512, 1313, 1543, 1012, 1300, 1400, 1223, 1397, 1506], [2986, 2960, 2927, 2910, 2777, 3054, 2800, 3056, 2864, 2920, 2919, 2940, 2974, 2897, 2680, 3085, 2896, 2835, 3399, 3129, 2850, 2705], [1376, 1835, 993, 1329, 1175, 1509, 1791, 1255, 1608, 1637, 1276, 1262], [3078, 2782, 2694, 3348, 2664, 2749, 2746], [1611, 1292], [1827, 1622, 925, 1367, 1059, 1557, 1076, 1689, 1867, 1683, 1600, 1290, 1659, 1539, 1632], [1360, 1555, 1567, 908, 1593, 1866, 1588, 1098, 1187, 1203, 1579, 1031], [1912, 2543, 2347, 1941, 2269, 2079, 2457, 2470, 2195, 2569, 2596], [0, 56, 271, 119, 239, 203, 98, 199, 285, 113, 325, 13, 331, 148, 103, 50, 146, 60, 288, 234, 18, 209, 210, 215, 37, 43, 114, 12, 287, 11, 292, 15, 74, 335], [503, 493, 408, 404, 537, 430, 388, 487, 560, 416, 569, 440], [373, 500, 370, 524, 567, 461, 385], [609, 644, 620, 666, 633, 672], [2225, 2011], [1879, 1132, 1335], [3033, 2676, 2757, 3301, 3436], [787, 793, 758, 755, 748, 809, 720, 836, 808], [3640, 3576, 3731, 3605, 3737, 3557, 3785, 3658, 3574, 3503, 3959], [957, 1082], [3022, 2866, 2872, 2913, 2905, 3339, 3098, 2912, 2666, 2985, 3142, 3047], [348, 428, 484, 517, 412, 526, 513, 538, 566, 559, 497, 561, 465, 395, 400, 438, 492, 1487, 378, 391, 515, 436, 542, 423, 419, 556, 394, 482, 473, 488, 610, 673, 652, 550, 447, 358], [1006, 1101, 1668, 1125, 1712, 1449, 1024, 1289, 1821, 1556], [3347, 2869, 3113, 2781, 2991, 3381, 3204], [1573, 1067], [1211, 1017, 999, 1287], [1127, 1000, 1090, 1244, 1840, 985, 1759, 1474], [3101, 3434, 3280, 3116, 2661, 3150, 3152, 2904, 3115, 3272, 2855], [2406, 2366, 2214, 2036, 2291, 2219], [2144, 2653], [431, 525, 456, 527, 392], [789, 689, 702], [1249, 1748], [2780, 2785, 3046, 3041, 3058, 3352], [1328, 1174], [1221, 1100, 1021, 1680, 1036, 1019, 1257, 1432, 1229, 1859, 1578, 989, 1592], [166, 202], [778, 844, 693], [832, 790], [2022, 2192], [1699, 1183, 1444, 1436, 1738, 1062], [3596, 3938, 3545, 3604, 3877, 3800], [1752, 1416, 1242, 1344, 1795, 1209, 1375, 1644, 1112], [847, 731, 706, 756], [1131, 977, 1169, 1756], [834, 695, 815, 726, 734, 701], [1485, 1774, 1196, 1836, 1769, 1852], [2726, 3229, 2899], [3860, 3858], [1234, 1443], [3293, 2931, 3029, 2929, 2874, 2756], [1580, 1772], [2786, 2956, 2679, 3417, 2862, 3119, 3433, 2988, 2741, 2681, 2924], [780, 754, 777, 709, 821], [3177, 2711, 2829, 3356, 2779, 3068, 2900, 2942], [3542, 3497, 3527], [3275, 3186, 2870, 2934, 2696, 2697, 2820, 3246, 3244, 3292, 3370], [1482, 1041, 1109, 1189, 1348, 1037, 1011, 1428, 1072, 1815], [3102, 3265, 2770, 2722], [2250, 2203], [479, 398, 494, 536, 462], [2916, 2925, 2969, 2815, 3228, 3304, 2917], [3075, 2825, 3156, 2744, 3323], [3232, 2750, 2698], [1226, 1541, 1106, 1847, 1681, 1121, 949, 1147], [664, 612, 575], [3166, 3123, 2731], [574, 663, 621], [2412, 2120, 2577, 2587, 2455, 1922, 2114, 2360, 1915, 1933, 2424, 2105, 2008], [713, 719, 745], [1794, 1215, 1706, 1429, 1489], [969, 1406, 1081], [2126, 2361, 1960, 2488, 2236, 2371, 2440, 2146, 2405, 2152, 2119, 2070, 1949], [724, 760], [637, 580, 1645, 1882, 1122, 1349, 1514, 1679, 601, 976, 629, 656], [3734, 3674, 3841, 3693, 3480, 3438, 3491, 3788, 3712], [172, 118, 211, 238, 59, 268, 222, 250, 240], [2387, 1942, 2393, 2234, 2303, 2443, 2019, 2584], [3584, 3558, 3711, 3643, 3458, 3493, 3903, 3620, 3792], [3076, 3350, 3060, 3396, 3172, 3182, 3179, 3332, 3411, 2894, 3378, 3261, 2875, 3298, 3199, 3112], [49, 241, 255], [757, 749, 775], [1537, 998, 1346, 1856], [3996, 4028], [641, 1744, 1606], [703, 728, 718, 739, 764, 687, 817, 807, 765, 843, 759], [1148, 1284], [2776, 3271, 2788], [3727, 3745, 3606], [1623, 1181, 1198], [605, 626], [974, 1134, 1640], [2189, 2589, 2445, 2330], [1205, 997, 1388, 1359, 1535, 1571, 1201, 1389, 926], [2434, 1939, 2304], [9, 188, 170, 272, 323, 291, 3, 290, 176, 274, 341], [1604, 1447, 1117, 1330, 1173, 953, 1409, 1483, 1029, 1470, 995, 897, 1056, 1843, 1651], [1079, 1721, 1339], [506, 544, 514, 432, 521], [792, 838, 835, 779, 837, 812], [1653, 1340, 1532, 1700], [2978, 2807, 2789, 3300, 2888, 3130, 2710, 2769], [1702, 1909, 1911, 1626, 1337, 1858, 1440, 1321, 1419, 1697, 1521, 2971, 1395], [376, 475], [2129, 2107, 2317, 2628, 2644, 2181], [3793, 3906, 3947], [768, 712, 742, 707, 850, 816, 767], [3263, 1726, 1678, 3057, 3222, 2760, 3164, 2678, 3432], [3568, 3931, 3786, 3601, 3623, 3866, 3645, 3524, 3818], [3366, 3162, 3168, 3346, 3100, 2739, 3018, 3415, 3210, 2860], [3679, 3894, 3580, 3447], [3529, 3945], [3038, 3321, 3342, 3224, 3097, 2996, 3197], [3968, 3842, 3962, 3692, 3873, 3625, 3525, 3831, 3484, 3736], [417, 520, 523, 360, 439, 387, 425, 442, 365], [2937, 2823, 2708, 2845, 3170], [1040, 983, 1285, 1832, 959, 1039], [3002, 2724, 3019, 3233], [846, 785], [1254, 1252], [2337, 2435, 2050], [3073, 2810, 3135, 2907, 2794, 2821, 2766, 3413], [460, 507, 402, 444, 545, 570, 495, 558, 565], [3719, 3648, 3646, 3763, 3631], [2690, 2784, 2868, 2762, 2667, 3329, 2856, 3328, 2965, 3409, 3242, 3349, 3099], [3779, 3950, 3610, 3979, 3659, 3888, 3522, 3772, 3732], [1647, 1841, 1720, 1728, 1875, 1764], [1964, 2211, 2031, 2322, 2145, 1965, 2185, 2166], [1472, 1070, 1338, 1630, 1052, 1709, 1504, 1275, 1727], [1469, 1259, 1507, 1624, 1415, 1904, 1311, 1906, 940, 1362], [1750, 1597, 1128, 952], [1806, 1274, 1908], [1725, 1304, 1308, 1141], [797, 783, 730], [3980, 4030, 3982, 4014, 4037, 3984, 4015, 4022, 4024, 4008, 4035, 4010], [182, 97, 253], [124, 157, 155], [472, 356, 411], [822, 791, 796], [1693, 1760], [3703, 3654, 3755, 3457], [3090, 3026], [3782, 3768], [3388, 3333], [1085, 1803, 1719], [594, 3989, 4011, 3991, 667], [2778, 3185, 3145, 2796], [3385, 2865, 3255, 3032, 3236, 2918], [2773, 3384, 3364, 3014, 2953], [339, 7, 246, 87, 340], [2915, 2890, 3084, 2873, 2994, 2993, 3435, 3238, 2977, 3243, 2987, 3163], [3627, 3681], [1807, 1569, 1217, 968, 1343, 1897, 1246, 1818, 1658, 1364], [2091, 2540, 2341, 2197, 2162, 2130], [553, 374], [414, 591, 604, 669, 683, 614, 645, 676, 671, 624, 638, 585, 668, 607, 608, 674, 613, 602], [3784, 3973], [3536, 3682, 3814, 3812, 3922], [1160, 1280, 1180], [833, 736, 782, 813, 746, 691, 743, 699], [1159, 1525, 1500, 1781], [258, 85, 75, 295], [2999, 1642, 2764, 2693, 2923, 2677, 2822, 3361, 2941, 3375], [1620, 1688, 1049, 1075, 1110], [261, 313, 342, 82, 314, 65, 63], [1703, 1366, 1473, 1051, 1258, 994, 1152, 1492], [685, 588], [2357, 2015, 1937], [3327, 2836, 2841, 3248, 3221, 3383, 2771, 2893, 3389, 2736], [3231, 2837, 3269, 3030, 3317], [1844, 930, 1790, 1446, 1878, 1142, 1294, 1602], [3464, 3474], [3087, 3369, 2932], [3295, 3001, 2892], [72, 212, 298, 344], [3220, 2945, 2743], [1520, 1891], [334, 134, 66], [1315, 1015, 1884, 1044], [3104, 2738, 3362], [1789, 1652], [2716, 3406, 3345, 3299], [2663, 2851], [3506, 3593, 3855], [1563, 921, 1334, 1753], [511, 512], [3758, 3810, 3825, 3534], [814, 762, 799, 715, 704], [1230, 1864, 1845, 1754, 1393, 1407], [913, 1885, 1646], [3617, 3690, 3927, 3511, 3803, 3555, 3564, 3532, 3483, 3895, 3622, 3515, 3878, 3777, 3767, 3724, 3955], [3684, 3971, 3797, 3540, 3750, 3609, 3440, 3618, 3741, 3780, 3796], [616, 622], [483, 353, 366, 363], [1761, 934], [3000, 2928], [2459, 1928, 2013], [128, 223, 265], [2345, 2367, 2379, 2635], [2044, 2427, 2454], [3324, 2706, 2763, 3184, 2806, 3213, 3023, 2967, 2695, 3092], [3167, 2801], [303, 345, 178, 45, 221], [3107, 2871, 3219, 3395, 3259, 2686, 2702, 3189], [192, 52, 205], [498, 453, 468, 443], [1711, 1270], [1797, 1854], [3517, 3760, 3533, 3929, 3512, 3795, 3467], [3544, 3808], [3887, 3875], [4020, 4027, 4002, 4006, 4032], [3178, 3211, 3279, 2795, 3138, 3307, 3110, 3374, 3048, 2727, 2709, 3305], [1427, 1080], [123, 55, 318], [2715, 2832, 3124, 3276, 3393, 2831, 3312, 3050, 2747], [1496, 1770, 1529], [186, 109, 104, 324], [3111, 2881, 3422, 2840, 3377, 3225, 3039, 3161], [2232, 2473], [1609, 1323, 1047, 1811], [2092, 2067, 2383], [1408, 1247, 1575, 914], [1003, 1819, 1523, 1877], [982, 1336], [445, 415], [1150, 1865], [1048, 1528, 1116, 1484, 1874], [944, 1306], [2683, 3257], [2673, 3193, 3286, 2948, 3414], [40, 329, 141, 224, 62, 232, 158, 231, 276, 133, 30, 106, 183], [2143, 1954], [54, 27], [3504, 3839], [932, 1517], [1480, 1123, 1130, 1398, 1501, 1151], [3880, 3970, 3619], [2729, 3025, 3158, 2887, 2981], [1639, 1765, 1513, 1460, 1851], [3051, 2936], [3052, 3303, 2854, 3234, 2761, 3237, 3390, 3294, 2891, 2759, 3042, 3315, 3202, 2961, 2963, 2798], [120, 247], [427, 549], [2641, 2270, 2493], [1572, 1278, 1771, 1710], [657, 655], [906, 1724, 1054], [2954, 3190], [1664, 1607, 1057], [2805, 2922], [924, 1010, 1228], [3137, 3114], [1025, 1853], [2775, 3273, 2737, 2682, 2995, 2692], [3191, 2662, 3379, 2984, 2830, 2804], [362, 413, 535, 371, 448], [2350, 2262, 2545], [3468, 3535, 3881], [1139, 1869], [2429, 2058], [2267, 2264, 2547], [3886, 3667, 3656, 3563, 3683], [257, 39, 105, 69], [1094, 1154, 1295], [3153, 3428, 3143], [849, 770, 750], [2231, 2023], [927, 1182, 1369, 1195, 1265], [803, 741, 763, 716], [1850, 933, 1103], [3089, 3212, 3319], [185, 79], [48, 88, 1, 73, 126, 336, 164], [2523, 2158], [794, 700], [1590, 1026, 1312, 1405, 1846, 1164, 1883], [504, 455, 418, 541, 571], [322, 315, 213, 207], [3891, 3573, 3462, 3452, 3704], [1505, 1534, 990, 3278, 2883, 3205, 3245, 1140], [831, 690], [786, 733], [1087, 996], [1896, 1053], [3507, 3754], [420, 471, 451], [3403, 3287, 3118, 3005, 3034, 2768], [1685, 1734, 907, 1775], [3136, 2675, 3337, 3404, 3282], [1758, 1165, 1088, 1641, 1178, 1193, 1461, 923], [496, 434], [3331, 3062, 2947], [3764, 3821, 3499, 3843, 3834], [3036, 3400], [2656, 2277, 2562, 2373, 2080], [3069, 3334], [1240, 987, 1353, 1394], [3694, 3816], [2298, 2605], [3940, 3543, 3859], [698, 856, 860, 875, 883, 891, 892], [3017, 3274, 3353], [941, 1704, 945], [1545, 1425, 1671, 962], [3550, 3872, 3520, 3552, 3575], [3828, 3642, 3603], [2156, 2160, 2260, 2238, 2251], [2452, 2182], [3459, 3614], [3934, 3461], [3664, 3901, 3537], [920, 1477, 1792], [2895, 3217], [3847, 3775, 3660, 3953], [2572, 2305], [1527, 1670, 1476], [2316, 2041, 2321, 2178], [2519, 2163], [3592, 3626, 3916, 3805, 3589], [3007, 2990], [2938, 3289, 2964, 2707], [1950, 2014], [2502, 2295], [2783, 3192], [3621, 3689], [260, 206, 160], [740, 841], [2456, 2382, 2541], [2688, 2903, 2725], [2449, 2476], [1074, 1437, 1219], [38, 77, 117, 294], [1170, 1035, 1296, 1412, 1745, 1830, 1385], [1540, 1435, 1618], [173, 34], [5, 156, 235, 316], [1013, 1777, 1713], [2751, 2668, 2772, 3313, 3215, 3380, 3043, 3093, 3357, 3134], [1357, 1095], [121, 165], [723, 826], [2391, 2576, 2147, 2288], [3949, 3811], [161, 308], [3117, 2946], [922, 1805, 1780, 1817], [1418, 1650, 1143, 1510, 1022], [3024, 3133], [2813, 2803, 2848, 2882, 2790], [3148, 3306, 2876], [1327, 1161], [1666, 1450, 2968], [3612, 3941, 3893], [1863, 1458], [449, 540, 480, 593], [2734, 2979, 3340, 3343, 3254, 2826, 3165, 2714], [563, 397, 1967], [1934, 2388], [3556, 3817, 3492, 3688], [1519, 1084], [29, 16, 338], [96, 229, 190], [961, 1301], [3431, 3171, 3208], [3203, 3421], [3302, 3027, 3214, 2787], [1656, 951, 1073, 1445, 1023, 1008, 649], [1674, 1077, 1058, 1552], [1561, 973], [2812, 3144, 3249, 2847, 2878], [905, 1422, 1263], [130, 191], [3173, 3418], [3496, 3454, 3547], [2665, 2921], [568, 405], [1093, 1168], [3770, 3671, 3882], [2884, 3044, 3227], [991, 1034], [3914, 3978], [1531, 935], [3326, 3151], [132, 317], [2818, 2700, 3067, 2752, 2811], [3583, 3600, 3494], [3341, 2819, 2859], [1518, 1038], [1283, 1411], [2791, 3088, 2975], [1286, 1887], [1860, 1558], [3157, 2998], [3009, 2723]]
[[275], [6], [8], [33], [23], [150], [78], [89], [110], [36], [220], [233], [244], [263], [464], [198], [467], [583, 578, 627], [581], [600], [798], [863], [862], [872], [1808], [1197], [1002], [1177], [1890], [1194], [1268], [2017], [2281], [2527], [2962], [2691], [3251], [2774], [58], [3105], [3126], [3268], [3338], [3402], [3861], [3918, 3759], [3898, 3562], [3652], [3560], [3502], [3717], [3628, 3538], [3746], [3823], [3987], [3990], [4001], [1118, 901], [3318, 2670], [3933], [1548], [1733], [3836], [2959], [3747, 3587], [3912], [1985, 2233, 2206, 2410, 2229, 2218, 2078, 2123, 1993, 2464, 2240, 2244, 2309, 1983, 2088, 2131, 2602, 2590], [1837], [2507, 2560], [143], [1889], [3200], [53, 346, 249], [539], [861], [369, 469], [1990], [137], [885], [3081], [3439], [2604], [1988, 2207], [320], [389], [3647], [3960], [2062, 2501], [2603], [3526], [2266], [1468], [167], [175], [881], [2528], [3720], [226], [3567], [2007, 1577, 2598, 1718, 2336, 2187], [1779], [804], [1133], [1171], [2099], [3270], [3848], [1043], [3581], [2558], [343], [1972, 2171, 2364], [1544], [3141], [4023], [825], [1594], [2421], [2422], [3290], [3155], [3477], [1014, 1786, 1893, 1742], [2949], [2352], [1901], [2217], [3139], [3487], [839], [2384], [1631], [3521, 3442, 3455], [2020], [326], [230], [270], [19], [708], [2497], [2614], [2106], [3121], [3799], [3954], [3999], [3728], [2659, 1980, 2620], [2199], [1881, 1113], [2049, 1975], [886], [1104, 1235, 1204, 1459, 1345, 1583], [422, 592], [1020], [3662], [2087, 2292], [694, 853, 784], [1970], [3548], [3281], [1687], [870], [3924, 3951], [3010], [107, 1888, 1800, 1431, 1199, 1584, 1589], [2047], [3291, 3082, 3397], [2511], [2177], [2535], [3360, 3188], [14], [3869], [2529], [1667], [301], [269], [179], [383], [386], [596], [904], [1317], [1654], [2453], [3546], [3801], [2283], [2537], [3680], [1900], [312], [2509], [3072], [2863, 3035], [3239], [896], [4004], [1536, 1876], [3475], [634], [1684, 2839], [2597], [2742], [2713], [214], [3482], [1612, 946], [2344], [3258], [1705], [1547], [879], [3470], [3963], [3829, 3738], [3437, 3830, 3633, 3756], [2512, 2582], [2313, 2448], [1153, 1598], [2530], [2116], [2951, 3154], [975], [1549], [818], [636], [2028], [1220], [2514], [2730, 3256], [4031], [1663, 1352, 1730, 1768], [1831, 1694], [917], [3838, 3611, 3824], [446], [705], [3320], [510], [1144], [3426, 2877], [1923], [2966], [1707], [1785], [2858], [2567], [463, 452, 531], [1238, 1256], [2242], [67, 25, 26], [2461], [2226], [2265], [4021], [3201], [3956], [2215], [2997], [3226], [532], [409], [1649], [31], [283], [351], [508], [1553, 1307], [3045], [686, 828], [2472], [606, 1358, 651], [2986, 2960, 2927], [1376, 1835], [3078], [1611], [1827, 1622], [1360, 1555], [1912, 2543], [0, 56, 271, 119], [503, 493], [373], [609], [2225], [1879], [3033], [787], [3640, 3576], [957], [3022, 2866], [348, 428, 484, 517], [1006], [3347], [1573], [1211], [1127], [3101, 3434], [2406], [2144], [431], [789], [1249], [2780], [1328], [1221, 1100], [166], [778], [832], [2022], [1699], [3596], [1752], [847], [1131], [834], [1485], [2726], [3860], [1234], [3293], [1580], [2786, 2956], [780], [3177], [3542], [3275, 3186], [1482], [3102], [2250], [479], [2916], [3075], [3232], [1226], [664], [3166], [574], [2412, 2120], [713], [1794], [969], [2126, 2361], [724], [637, 580], [3734], [172], [2387], [3584], [3076, 3350], [49], [757], [1537], [3996], [641], [703, 728], [1148], [2776], [3727], [1623], [605], [974], [2189], [1205], [2434], [9, 188], [1604, 1447], [1079], [506], [792], [1653], [2978], [1702, 1909], [376], [2129], [3793], [768], [3263], [3568], [3366], [3679], [3529], [3038], [3968], [417], [2937], [1040], [3002], [846], [1254], [2337], [3073], [460], [3719], [2690, 2784], [3779], [1647], [1964], [1472], [1469], [1750], [1806], [1725], [797], [3980, 4030], [182], [124], [472], [822], [1693], [3703], [3090], [3782], [3388], [1085], [594], [2778], [3385], [2773], [339], [2915, 2890], [3627], [1807], [2091], [553], [414, 591], [3784], [3536], [1160], [833], [1159], [258], [2999], [1620], [261], [1703], [685], [2357], [3327], [3231], [1844], [3464], [3087], [3295], [72], [3220], [1520], [334], [1315], [3104], [1789], [2716], [2663], [3506], [1563], [511], [3758], [814], [1230], [913], [3617, 3690], [3684, 3971], [616], [483], [1761], [3000], [2459], [128], [2345], [2044], [3324], [3167], [303], [3107], [192], [498], [1711], [1797], [3517], [3544], [3887], [4020], [3178, 3211], [1427], [123], [2715], [1496], [186], [3111], [2232], [1609], [2092], [1408], [1003], [982], [445], [1150], [1048], [944], [2683], [2673], [40, 329], [2143], [54], [3504], [932], [1480], [3880], [2729], [1639], [3051], [3052, 3303], [120], [427], [2641], [1572], [657], [906], [2954], [1664], [2805], [924], [3137], [1025], [2775], [3191], [362], [2350], [3468], [1139], [2429], [2267], [3886], [257], [1094], [3153], [849], [2231], [927], [803], [1850], [3089], [185], [48], [2523], [794], [1590], [504], [322], [3891], [1505], [831], [786], [1087], [1896], [3507], [420], [3403], [1685], [3136], [1758], [496], [3331], [3764], [3036], [2656], [3069], [1240], [3694], [2298], [3940], [698], [3017], [941], [1545], [3550], [3828], [2156], [2452], [3459], [3934], [3664], [920], [2895], [3847], [2572], [1527], [2316], [2519], [3592], [3007], [2938], [1950], [2502], [2783], [3621], [260], [740], [2456], [2688], [2449], [1074], [38], [1170], [1540], [173], [5], [1013], [2751], [1357], [121], [723], [2391], [3949], [161], [3117], [922], [1418], [3024], [2813], [3148], [1327], [1666], [3612], [1863], [449], [2734], [563], [1934], [3556], [1519], [29], [96], [961], [3431], [3203], [3302], [1656], [1674], [1561], [2812], [905], [130], [3173], [3496], [2665], [568], [1093], [3770], [2884], [991], [3914], [1531], [3326], [132], [2818], [3583], [3341], [1518], [1283], [2791], [1286], [1860], [3157], [3009]]
Adj calculated in time
2.01476192474
4038 {'color': 'white'}
Start vector calculated in
0.000527143478394
[282, 545, 98, 367, 1, 608, 2, 421, 3, 367, 253, 282, 282, 282, 173, 282, 633, 207, 282, 138, 111, 253, 266, 5, 73, 253, 253, 505, 173, 633, 503, 266, 93, 4, 607, 70, 10, 282, 604, 535, 503, 193, 4, 282, 193, 474, 70, 177, 545, 352, 282, 5, 476, 73, 505, 486, 282, 73, 39, 348, 282, 3, 503, 436, 6, 436, 449, 253, 94, 535, 136, 136, 446, 545, 282, 433, 137, 604, 7, 544, 73, 178, 436, 5, 5, 433, 70, 421, 545, 8, 179, 3, 73, 78, 73, 8, 634, 407, 282, 94, 6, 73, 14, 282, 489, 535, 503, 166, 84, 489, 9, 193, 138, 282, 282, 193, 135, 604, 348, 282, 514, 612, 253, 486, 408, 253, 545, 84, 469, 266, 644, 70, 656, 503, 449, 10, 100, 78, 138, 84, 207, 503, 253, 70, 135, 179, 282, 2, 282, 98, 6, 173, 1, 253, 2, 408, 608, 408, 503, 84, 598, 616, 98, 6, 545, 612, 308, 93, 266, 253, 367, 104, 348, 607, 138, 94, 367, 70, 474, 179, 73, 1, 407, 503, 84, 544, 489, 73, 367, 6, 634, 644, 476, 3, 73, 7, 73, 84, 16, 282, 253, 3, 308, 282, 73, 476, 598, 550, 253, 282, 282, 348, 446, 550, 207, 282, 78, 6, 7, 2, 11, 474, 348, 469, 503, 70, 98, 94, 267, 634, 136, 503, 503, 12, 282, 608, 253, 5, 348, 282, 348, 352, 73, 78, 13, 3, 421, 514, 253, 73, 348, 84, 253, 407, 73, 352, 12, 535, 433, 3, 598, 436, 11, 14, 9, 469, 73, 5, 348, 178, 137, 282, 367, 7, 367, 1, 503, 253, 70, 193, 253, 84, 13, 267, 84, 282, 178, 282, 282, 207, 367, 367, 282, 138, 604, 433, 14, 253, 446, 73, 73, 177, 73, 474, 253, 193, 7, 136, 616, 10, 78, 253, 193, 436, 436, 550, 608, 656, 486, 8, 84, 70, 550, 367, 489, 282, 135, 8, 7, 503, 73, 282, 253, 111, 449, 282, 545, 78, 633, 421, 421, 367, 436, 111, 446, 474, 73, 266, 293, 269, 241, 268, 264, 465, 250, 250, 409, 76, 293, 250, 386, 250, 528, 465, 16, 386, 465, 250, 264, 76, 284, 528, 241, 284, 426, 264, 375, 180, 293, 263, 76, 85, 250, 180, 15, 284, 181, 386, 283, 85, 250, 293, 302, 16, 293, 293, 250, 629, 332, 16, 293, 181, 394, 250, 283, 648, 263, 241, 283, 264, 250, 409, 293, 528, 427, 497, 283, 386, 549, 293, 558, 241, 154, 293, 85, 386, 241, 515, 293, 74, 283, 302, 370, 241, 563, 85, 293, 263, 293, 386, 283, 16, 386, 477, 394, 497, 238, 293, 528, 627, 250, 558, 250, 477, 268, 549, 302, 76, 250, 85, 394, 284, 332, 250, 15, 293, 74, 17, 477, 76, 250, 558, 409, 293, 250, 375, 16, 76, 269, 332, 627, 250, 293, 465, 293, 76, 85, 283, 293, 250, 238, 238, 293, 283, 332, 394, 563, 293, 477, 263, 284, 16, 238, 283, 549, 85, 370, 394, 269, 76, 241, 457, 457, 293, 370, 293, 76, 293, 76, 250, 386, 370, 74, 386, 284, 302, 293, 302, 241, 74, 250, 250, 263, 241, 269, 528, 332, 283, 293, 74, 627, 549, 293, 241, 370, 394, 250, 250, 250, 515, 293, 85, 15, 426, 76, 250, 293, 250, 394, 293, 283, 293, 250, 629, 16, 394, 293, 284, 648, 283, 394, 549, 17, 154, 339, 337, 18, 18, 18, 154, 346, 19, 18, 18, 182, 427, 202, 202, 438, 228, 154, 427, 154, 627, 417, 18, 182, 228, 154, 18, 20, 346, 427, 228, 427, 362, 274, 427, 427, 285, 293, 228, 337, 427, 427, 18, 464, 154, 228, 154, 285, 339, 464, 228, 427, 228, 362, 18, 18, 346, 154, 182, 18, 285, 202, 18, 228, 346, 427, 182, 18, 356, 19, 20, 285, 427, 202, 18, 154, 639, 18, 274, 293, 154, 154, 518, 346, 518, 18, 18, 182, 20, 18, 339, 337, 18, 285, 417, 427, 427, 18, 427, 285, 293, 427, 18, 427, 228, 182, 182, 154, 18, 182, 427, 228, 438, 272, 357, 272, 303, 553, 431, 272, 309, 158, 317, 158, 272, 573, 431, 547, 317, 303, 357, 459, 239, 315, 378, 139, 325, 158, 158, 378, 341, 130, 459, 541, 21, 357, 341, 289, 272, 158, 613, 345, 130, 317, 158, 357, 102, 405, 315, 227, 554, 317, 139, 431, 272, 158, 357, 599, 541, 378, 431, 272, 341, 431, 272, 289, 353, 538, 158, 158, 139, 325, 289, 315, 353, 289, 357, 345, 158, 459, 541, 357, 357, 158, 378, 378, 139, 538, 227, 158, 158, 272, 353, 79, 325, 309, 371, 325, 239, 431, 405, 158, 390, 554, 289, 227, 303, 310, 410, 371, 289, 547, 158, 410, 405, 21, 459, 158, 272, 227, 541, 102, 272, 227, 357, 289, 289, 158, 139, 371, 431, 459, 317, 378, 357, 227, 272, 158, 325, 410, 272, 272, 116, 613, 239, 272, 158, 272, 553, 310, 431, 317, 371, 289, 371, 371, 130, 272, 599, 158, 357, 309, 272, 390, 315, 272, 538, 378, 158, 21, 158, 158, 21, 573, 23, 95, 79, 573, 75, 23, 22, 116, 23, 214, 79, 23, 139, 163, 163, 24, 24, 24, 573, 22, 79, 22, 214, 272, 95, 152, 573, 116, 79, 152, 24, 75, 102, 139, 573, 573, 116, 214, 95, 198, 368, 123, 103, 270, 58, 225, 58, 183, 643, 519, 560, 280, 108, 25, 166, 25, 461, 494, 226, 166, 236, 166, 123, 584, 456, 618, 562, 523, 279, 365, 540, 242, 184, 442, 235, 507, 542, 466, 654, 274, 247, 61, 235, 401, 575, 123, 200, 500, 575, 209, 166, 150, 336, 212, 639, 402, 368, 123, 26, 28, 291, 58, 388, 221, 635, 576, 58, 176, 200, 213, 166, 424, 343, 270, 265, 192, 641, 363, 225, 346, 316, 234, 71, 234, 225, 496, 388, 123, 298, 200, 569, 153, 307, 552, 652, 62, 276, 437, 368, 555, 365, 354, 297, 298, 274, 27, 495, 166, 176, 294, 236, 639, 153, 523, 329, 274, 609, 123, 450, 28, 297, 123, 307, 155, 307, 619, 639, 294, 525, 548, 29, 209, 368, 26, 280, 236, 270, 652, 605, 307, 329, 660, 388, 388, 329, 200, 108, 450, 26, 30, 492, 499, 435, 113, 437, 400, 556, 519, 101, 368, 521, 640, 279, 153, 242, 312, 192, 235, 176, 123, 296, 221, 192, 400, 31, 329, 639, 603, 435, 279, 640, 166, 369, 485, 343, 291, 251, 632, 416, 166, 555, 562, 176, 298, 251, 209, 649, 536, 611, 166, 61, 280, 123, 307, 294, 155, 542, 153, 27, 336, 246, 123, 329, 435, 26, 314, 150, 274, 153, 499, 368, 58, 166, 225, 336, 346, 508, 234, 294, 234, 298, 402, 153, 508, 316, 287, 103, 363, 234, 162, 58, 71, 531, 552, 404, 442, 619, 242, 166, 234, 336, 358, 209, 498, 508, 437, 221, 536, 274, 221, 117, 153, 432, 430, 623, 126, 221, 548, 562, 123, 200, 649, 316, 605, 104, 221, 368, 306, 276, 153, 28, 562, 274, 430, 361, 540, 312, 166, 209, 58, 280, 200, 329, 153, 234, 153, 562, 30, 540, 318, 26, 361, 166, 31, 365, 31, 280, 153, 365, 166, 251, 27, 314, 150, 297, 235, 176, 234, 342, 62, 424, 71, 603, 230, 307, 234, 274, 183, 200, 336, 153, 523, 307, 460, 153, 58, 182, 321, 153, 200, 274, 251, 234, 569, 265, 314, 234, 298, 123, 424, 494, 247, 304, 166, 242, 391, 31, 391, 276, 251, 307, 437, 401, 200, 123, 276, 643, 247, 540, 101, 166, 31, 209, 478, 251, 209, 236, 403, 400, 276, 198, 517, 153, 430, 123, 123, 661, 358, 388, 663, 297, 251, 294, 279, 166, 278, 166, 442, 536, 605, 104, 153, 200, 274, 635, 166, 236, 404, 209, 500, 270, 404, 155, 200, 401, 548, 274, 62, 450, 155, 184, 150, 92, 274, 374, 153, 492, 155, 270, 31, 623, 306, 276, 368, 246, 150, 58, 456, 287, 496, 374, 400, 369, 372, 166, 235, 424, 314, 153, 354, 153, 329, 346, 153, 213, 234, 569, 176, 200, 235, 611, 274, 365, 280, 234, 401, 58, 424, 166, 437, 279, 26, 540, 221, 68, 235, 123, 274, 314, 276, 234, 58, 225, 251, 153, 155, 117, 26, 605, 166, 104, 365, 365, 166, 166, 153, 460, 569, 374, 123, 274, 508, 166, 274, 166, 251, 28, 225, 548, 343, 460, 494, 368, 212, 661, 605, 153, 153, 401, 314, 153, 619, 374, 166, 212, 643, 153, 62, 576, 153, 485, 329, 342, 150, 166, 307, 270, 101, 606, 312, 603, 225, 234, 374, 101, 103, 321, 312, 639, 442, 368, 153, 294, 624, 123, 68, 235, 123, 185, 221, 251, 626, 153, 511, 562, 153, 234, 150, 157, 166, 209, 92, 401, 368, 166, 400, 437, 298, 153, 588, 584, 235, 153, 508, 265, 329, 368, 499, 318, 104, 293, 251, 342, 132, 166, 437, 92, 162, 123, 488, 235, 230, 71, 432, 508, 123, 265, 400, 552, 274, 401, 155, 276, 619, 270, 274, 511, 346, 236, 166, 507, 660, 632, 448, 374, 234, 495, 166, 432, 150, 588, 499, 488, 166, 654, 372, 68, 552, 365, 200, 354, 166, 279, 606, 336, 221, 274, 113, 576, 71, 213, 61, 226, 153, 234, 640, 270, 234, 280, 294, 279, 664, 234, 166, 641, 71, 456, 101, 150, 235, 280, 92, 424, 234, 365, 517, 296, 274, 494, 153, 100, 307, 280, 323, 166, 123, 153, 166, 101, 30, 153, 280, 166, 548, 153, 307, 280, 117, 123, 153, 402, 221, 126, 279, 58, 442, 166, 368, 251, 356, 521, 276, 492, 166, 278, 209, 166, 166, 270, 274, 166, 606, 251, 435, 234, 279, 361, 401, 226, 374, 29, 153, 58, 400, 132, 279, 200, 200, 153, 153, 276, 123, 511, 363, 562, 434, 166, 314, 346, 461, 398, 92, 265, 619, 368, 452, 372, 185, 153, 639, 25, 424, 279, 150, 236, 246, 234, 521, 221, 624, 176, 294, 234, 588, 576, 176, 274, 640, 234, 242, 274, 379, 346, 307, 336, 153, 279, 203, 560, 200, 162, 435, 279, 200, 153, 274, 411, 235, 150, 126, 374, 270, 312, 372, 184, 374, 437, 575, 212, 342, 246, 270, 400, 517, 478, 294, 609, 166, 153, 153, 166, 100, 416, 398, 369, 251, 234, 519, 404, 379, 400, 398, 236, 234, 126, 123, 62, 560, 209, 246, 166, 312, 176, 274, 251, 123, 235, 356, 605, 166, 62, 304, 247, 402, 123, 314, 456, 460, 153, 316, 166, 562, 298, 411, 466, 185, 150, 398, 511, 150, 274, 234, 318, 488, 517, 323, 226, 318, 560, 25, 609, 274, 101, 618, 432, 209, 236, 68, 247, 123, 62, 26, 452, 442, 276, 584, 246, 342, 314, 166, 479, 68, 209, 166, 226, 58, 416, 166, 618, 403, 424, 25, 251, 166, 492, 155, 234, 126, 329, 166, 618, 424, 495, 123, 294, 101, 166, 123, 162, 251, 279, 123, 235, 605, 235, 388, 166, 166, 276, 318, 68, 184, 166, 298, 398, 234, 368, 442, 460, 548, 336, 123, 246, 542, 511, 318, 525, 479, 176, 354, 153, 374, 307, 664, 234, 153, 626, 460, 498, 280, 279, 251, 531, 150, 236, 153, 225, 499, 398, 200, 495, 442, 287, 61, 150, 346, 548, 450, 461, 209, 663, 166, 71, 29, 448, 92, 123, 123, 68, 556, 424, 251, 153, 192, 126, 221, 153, 401, 113, 401, 123, 403, 374, 235, 374, 281, 175, 148, 340, 219, 67, 67, 148, 157, 148, 340, 244, 83, 67, 100, 112, 468, 67, 151, 148, 100, 340, 630, 148, 151, 439, 67, 366, 219, 281, 349, 67, 252, 100, 67, 210, 157, 344, 594, 112, 159, 67, 504, 100, 33, 148, 112, 131, 344, 33, 67, 67, 399, 399, 91, 629, 148, 260, 159, 67, 112, 112, 186, 151, 223, 256, 140, 67, 148, 88, 83, 67, 67, 67, 67, 260, 83, 67, 77, 112, 83, 67, 204, 112, 32, 67, 112, 112, 112, 112, 219, 159, 112, 67, 112, 100, 340, 223, 219, 286, 223, 468, 594, 439, 112, 32, 223, 349, 134, 67, 311, 539, 112, 148, 157, 223, 229, 252, 67, 399, 100, 67, 118, 220, 300, 67, 167, 100, 67, 589, 100, 69, 471, 67, 134, 167, 255, 151, 392, 141, 254, 149, 131, 67, 91, 260, 532, 67, 67, 148, 88, 69, 82, 222, 231, 493, 100, 67, 344, 100, 169, 67, 67, 89, 83, 67, 67, 281, 567, 149, 220, 67, 91, 255, 67, 157, 67, 220, 67, 425, 493, 67, 33, 67, 88, 148, 134, 105, 110, 88, 157, 67, 67, 340, 142, 376, 67, 67, 159, 131, 67, 110, 340, 67, 223, 157, 67, 344, 340, 69, 67, 67, 67, 254, 344, 100, 157, 376, 425, 67, 210, 167, 100, 100, 67, 157, 100, 69, 67, 252, 91, 504, 301, 399, 344, 614, 229, 100, 67, 219, 344, 157, 67, 244, 579, 112, 546, 148, 579, 190, 425, 590, 67, 67, 399, 33, 142, 100, 83, 112, 67, 151, 100, 151, 167, 170, 589, 67, 100, 376, 580, 189, 67, 399, 255, 100, 67, 364, 67, 249, 311, 151, 157, 281, 157, 425, 100, 149, 67, 67, 148, 331, 118, 244, 67, 83, 222, 244, 67, 399, 67, 67, 300, 260, 67, 127, 67, 300, 67, 159, 88, 100, 100, 286, 255, 96, 220, 67, 105, 539, 491, 67, 349, 88, 344, 82, 579, 100, 67, 100, 252, 88, 67, 33, 254, 254, 77, 100, 331, 579, 170, 67, 100, 83, 256, 67, 67, 100, 579, 67, 529, 96, 533, 256, 91, 533, 100, 281, 516, 67, 252, 219, 89, 67, 67, 567, 67, 100, 88, 33, 149, 189, 112, 100, 151, 67, 614, 167, 67, 300, 157, 157, 194, 595, 255, 112, 571, 67, 91, 171, 100, 349, 366, 587, 67, 67, 67, 67, 244, 67, 175, 220, 140, 204, 589, 376, 252, 100, 83, 589, 399, 67, 67, 167, 67, 169, 131, 67, 364, 67, 157, 149, 67, 151, 100, 392, 157, 67, 69, 425, 220, 219, 210, 470, 148, 281, 67, 83, 529, 249, 125, 67, 67, 175, 67, 439, 105, 67, 340, 344, 252, 67, 112, 112, 300, 470, 219, 67, 67, 344, 100, 567, 67, 127, 67, 210, 223, 470, 220, 67, 600, 493, 131, 260, 67, 349, 630, 175, 88, 614, 67, 349, 190, 67, 88, 151, 100, 219, 175, 83, 220, 140, 67, 344, 300, 67, 67, 69, 67, 151, 340, 175, 67, 88, 244, 100, 67, 167, 204, 118, 119, 67, 340, 244, 83, 471, 69, 532, 67, 96, 159, 67, 366, 392, 100, 118, 88, 127, 344, 119, 67, 349, 83, 364, 67, 112, 220, 602, 110, 169, 580, 186, 471, 340, 600, 281, 169, 468, 67, 254, 67, 100, 67, 273, 83, 67, 67, 67, 281, 100, 273, 491, 151, 219, 602, 67, 91, 89, 252, 33, 67, 34, 67, 67, 83, 33, 344, 67, 83, 100, 67, 516, 112, 67, 157, 140, 219, 67, 67, 88, 595, 151, 67, 186, 134, 69, 100, 194, 100, 169, 219, 83, 231, 83, 254, 231, 254, 590, 125, 69, 100, 546, 67, 244, 67, 34, 96, 175, 222, 175, 67, 100, 151, 171, 67, 190, 112, 67, 425, 600, 67, 281, 157, 529, 69, 533, 127, 125, 67, 67, 67, 67, 67, 157, 67, 244, 110, 67, 69, 125, 567, 67, 69, 32, 255, 249, 88, 281, 220, 100, 587, 134, 67, 67, 614, 340, 67, 134, 151, 255, 219, 112, 349, 148, 67, 340, 219, 364, 67, 67, 189, 67, 169, 34, 281, 204, 100, 273, 67, 82, 67, 89, 82, 571, 67, 67, 100, 273, 244, 91, 255, 67, 141, 67, 100, 169, 220, 67, 148, 96, 83, 69, 67, 67, 148, 148, 376, 157, 67, 134, 141, 148, 33, 470, 223, 252, 67, 112, 112, 516, 167, 229, 376, 112, 67, 112, 148, 100, 83, 186, 88, 301, 67, 67, 567, 148, 148, 148, 148, 299, 527, 454, 277, 647, 292, 396, 610, 243, 59, 35, 211, 502, 196, 561, 288, 434, 379, 324, 275, 324, 526, 501, 211, 80, 475, 172, 601, 203, 396, 36, 526, 434, 277, 472, 328, 328, 335, 59, 657, 211, 475, 59, 104, 275, 472, 593, 387, 484, 373, 326, 196, 206, 628, 487, 453, 262, 232, 240, 168, 35, 330, 666, 389, 601, 319, 484, 224, 510, 232, 338, 37, 211, 628, 232, 440, 526, 451, 381, 104, 324, 205, 447, 334, 243, 277, 487, 168, 277, 335, 610, 657, 168, 203, 245, 322, 288, 232, 513, 379, 513, 396, 472, 434, 197, 393, 64, 559, 373, 330, 440, 610, 420, 38, 526, 359, 275, 418, 326, 305, 295, 277, 596, 396, 305, 324, 638, 359, 373, 621, 662, 36, 168, 393, 484, 418, 211, 513, 40, 275, 473, 196, 621, 527, 522, 472, 373, 143, 165, 393, 657, 642, 621, 39, 333, 232, 38, 657, 659, 328, 393, 434, 387, 35, 334, 628, 245, 258, 326, 527, 487, 487, 258, 59, 275, 440, 441, 39, 203, 490, 440, 203, 232, 232, 387, 172, 642, 621, 205, 275, 454, 203, 196, 513, 299, 396, 72, 248, 659, 381, 114, 324, 196, 275, 419, 292, 203, 396, 295, 328, 475, 292, 422, 322, 351, 622, 243, 642, 59, 203, 490, 621, 552, 651, 120, 124, 510, 373, 59, 422, 513, 445, 440, 351, 585, 275, 275, 248, 319, 326, 168, 37, 601, 299, 292, 243, 393, 243, 243, 275, 243, 292, 292, 172, 422, 333, 333, 419, 275, 275, 647, 522, 434, 324, 333, 44, 275, 467, 322, 37, 322, 444, 195, 328, 195, 512, 387, 593, 196, 275, 434, 326, 203, 203, 447, 617, 564, 502, 124, 168, 224, 271, 420, 520, 232, 324, 80, 211, 64, 275, 513, 35, 513, 593, 396, 245, 472, 624, 333, 197, 374, 59, 168, 275, 662, 240, 422, 373, 628, 106, 510, 64, 195, 527, 292, 275, 422, 324, 168, 592, 295, 240, 422, 422, 526, 384, 261, 665, 434, 467, 445, 389, 39, 243, 559, 196, 592, 64, 666, 165, 211, 261, 172, 420, 35, 196, 574, 381, 389, 195, 197, 292, 472, 620, 510, 413, 638, 261, 322, 441, 203, 419, 288, 559, 196, 566, 36, 384, 490, 262, 305, 513, 610, 651, 271, 305, 292, 484, 205, 487, 512, 513, 72, 275, 38, 275, 379, 305, 271, 351, 80, 564, 121, 262, 243, 124, 657, 326, 568, 197, 203, 195, 393, 38, 334, 351, 224, 277, 211, 165, 80, 168, 124, 422, 275, 224, 444, 662, 543, 413, 35, 472, 610, 196, 128, 262, 384, 292, 396, 381, 299, 330, 206, 451, 40, 168, 475, 243, 172, 484, 490, 351, 295, 524, 299, 299, 617, 559, 324, 168, 143, 40, 338, 487, 224, 41, 38, 124, 275, 373, 37, 258, 620, 610, 393, 561, 524, 484, 128, 168, 114, 292, 537, 642, 418, 197, 38, 622, 245, 299, 655, 299, 537, 224, 121, 334, 665, 510, 80, 168, 490, 381, 422, 379, 628, 338, 473, 381, 196, 387, 636, 351, 645, 243, 172, 224, 326, 484, 351, 37, 37, 351, 203, 472, 418, 328, 232, 172, 475, 520, 527, 596, 502, 172, 245, 232, 384, 168, 351, 72, 258, 513, 637, 295, 552, 205, 224, 636, 172, 381, 484, 543, 472, 638, 610, 114, 585, 40, 475, 447, 440, 379, 206, 384, 490, 262, 651, 333, 319, 203, 441, 335, 389, 513, 258, 419, 513, 422, 197, 168, 206, 396, 422, 328, 552, 328, 205, 440, 642, 262, 37, 168, 232, 628, 419, 232, 501, 211, 475, 172, 351, 211, 379, 232, 330, 80, 196, 42, 441, 106, 359, 299, 526, 574, 328, 487, 196, 552, 484, 299, 161, 561, 59, 243, 224, 502, 559, 258, 593, 120, 168, 328, 322, 513, 445, 196, 196, 351, 453, 373, 288, 638, 513, 333, 484, 622, 484, 80, 59, 124, 59, 487, 610, 64, 513, 197, 441, 59, 543, 240, 384, 41, 334, 472, 59, 655, 440, 396, 396, 168, 564, 351, 415, 568, 205, 41, 561, 43, 292, 628, 659, 384, 628, 168, 453, 381, 295, 277, 396, 351, 196, 305, 574, 40, 168, 326, 610, 232, 224, 172, 434, 451, 203, 420, 232, 381, 161, 121, 444, 328, 206, 37, 35, 484, 434, 44, 490, 351, 527, 610, 295, 59, 440, 420, 419, 168, 245, 415, 440, 513, 168, 128, 487, 165, 475, 351, 168, 80, 275, 566, 44, 44, 559, 561, 80, 453, 42, 232, 396, 206, 351, 224, 393, 502, 381, 197, 324, 645, 196, 206, 637, 490, 59, 248, 44, 243, 43, 537, 44, 128, 636, 379, 324, 299, 422, 288, 218, 347, 81, 463, 187, 133, 217, 45, 52, 187, 382, 218, 218, 237, 218, 551, 218, 646, 133, 218, 412, 350, 581, 217, 582, 551, 191, 443, 46, 217, 480, 530, 217, 215, 201, 90, 52, 443, 201, 46, 122, 65, 47, 347, 47, 208, 462, 385, 201, 191, 129, 237, 48, 187, 347, 631, 350, 658, 218, 646, 327, 133, 565, 60, 218, 50, 290, 506, 90, 455, 557, 90, 191, 217, 462, 480, 81, 237, 462, 47, 480, 237, 46, 577, 133, 397, 47, 380, 385, 90, 327, 237, 383, 129, 187, 462, 480, 458, 530, 429, 583, 52, 45, 463, 66, 327, 572, 481, 313, 187, 646, 160, 156, 577, 129, 577, 133, 217, 462, 631, 290, 350, 237, 49, 217, 47, 534, 462, 122, 129, 99, 380, 191, 218, 63, 174, 551, 290, 577, 290, 218, 237, 46, 382, 109, 259, 658, 350, 187, 218, 65, 215, 591, 133, 191, 591, 455, 109, 99, 313, 133, 208, 133, 658, 380, 217, 578, 313, 290, 360, 65, 133, 463, 397, 237, 625, 47, 581, 133, 144, 462, 463, 509, 350, 597, 462, 380, 156, 385, 591, 423, 52, 133, 217, 395, 97, 218, 217, 237, 133, 122, 144, 47, 290, 87, 578, 350, 90, 380, 395, 86, 395, 47, 218, 218, 48, 97, 412, 65, 534, 52, 290, 397, 586, 160, 156, 147, 583, 48, 147, 534, 217, 50, 237, 650, 237, 129, 347, 63, 48, 218, 45, 382, 191, 423, 429, 534, 463, 90, 237, 237, 631, 597, 462, 49, 385, 347, 570, 47, 87, 218, 90, 81, 50, 46, 237, 412, 551, 133, 174, 237, 46, 218, 147, 350, 347, 133, 174, 133, 86, 51, 164, 395, 97, 218, 133, 129, 462, 52, 259, 360, 147, 218, 237, 290, 397, 145, 347, 147, 385, 290, 217, 52, 133, 463, 45, 52, 51, 360, 53, 65, 218, 97, 463, 97, 259, 133, 557, 412, 218, 63, 458, 46, 480, 217, 237, 395, 565, 218, 65, 462, 414, 215, 650, 187, 397, 133, 63, 586, 60, 462, 215, 397, 463, 54, 414, 65, 428, 290, 380, 97, 347, 97, 237, 60, 350, 377, 191, 480, 463, 463, 218, 144, 313, 188, 133, 462, 237, 591, 216, 97, 481, 65, 458, 615, 429, 50, 429, 133, 570, 631, 380, 52, 218, 565, 191, 54, 237, 458, 164, 215, 578, 217, 218, 385, 237, 164, 565, 133, 63, 46, 237, 506, 90, 347, 385, 565, 107, 201, 53, 586, 107, 45, 90, 218, 237, 218, 46, 455, 218, 99, 320, 572, 320, 45, 133, 187, 50, 133, 380, 133, 52, 174, 164, 52, 577, 385, 66, 482, 215, 313, 462, 46, 509, 530, 650, 47, 237, 188, 534, 482, 397, 218, 45, 551, 66, 625, 382, 462, 164, 160, 47, 63, 191, 583, 237, 350, 45, 156, 377, 133, 160, 164, 46, 50, 66, 237, 653, 217, 591, 52, 46, 47, 65, 133, 429, 97, 164, 129, 237, 462, 237, 480, 237, 380, 81, 60, 582, 218, 208, 217, 313, 216, 572, 625, 217, 218, 218, 383, 54, 377, 218, 615, 397, 164, 81, 586, 145, 462, 259, 63, 164, 290, 87, 129, 385, 216, 65, 46, 237, 65, 385, 164, 509, 463, 259, 428, 218, 46, 164, 147, 653, 397, 406, 115, 406, 257, 406, 199, 257, 55, 199, 417, 56, 417, 257, 199, 115, 199, 355, 115, 115, 146, 257, 57, 483, 115, 199, 146, 483, 56, 406, 115, 406, 417, 55, 233, 406, 406, 56, 257, 115, 115, 483, 257, 406, 115, 406, 56, 257, 483, 355, 57, 406, 233, 483, 257, 115, 406, 146, 406, 233]
Result calculated in
127.840429068
at itertion 0 result
at iteration
0
remove node community is
666
{1: 3, 2: 3, 3: 5, 4: 2, 5: 5, 6: 5, 7: 5, 8: 3, 9: 1, 10: 3, 11: 1, 12: 1, 13: 2, 14: 3, 15: 2, 16: 3, 17: 2, 18: 16, 19: 1, 20: 2, 21: 3, 22: 2, 23: 3, 24: 3, 25: 4, 26: 7, 27: 2, 28: 4, 29: 2, 30: 2, 31: 4, 32: 3, 33: 8, 34: 2, 35: 7, 36: 2, 37: 8, 38: 5, 39: 2, 40: 4, 41: 3, 42: 1, 43: 1, 44: 5, 45: 5, 46: 12, 47: 9, 48: 3, 49: 1, 50: 5, 51: 1, 52: 11, 53: 1, 54: 2, 55: 1, 56: 3, 57: 1, 58: 13, 59: 13, 60: 3, 61: 3, 62: 5, 63: 6, 64: 4, 65: 9, 66: 4, 67: 160, 68: 6, 69: 11, 70: 5, 71: 6, 72: 2, 73: 15, 74: 3, 75: 2, 76: 8, 77: 1, 78: 5, 79: 5, 80: 7, 81: 3, 82: 3, 83: 19, 84: 8, 85: 7, 86: 1, 87: 3, 88: 14, 89: 3, 90: 7, 91: 7, 92: 5, 93: 2, 94: 3, 95: 3, 96: 5, 97: 8, 98: 3, 99: 3, 100: 47, 101: 6, 102: 2, 103: 2, 104: 6, 105: 2, 106: 1, 107: 1, 108: 1, 109: 0, 110: 4, 111: 1, 112: 26, 113: 2, 114: 2, 115: 9, 116: 3, 117: 2, 118: 3, 119: 2, 120: 1, 121: 2, 122: 2, 123: 31, 124: 4, 125: 3, 126: 5, 127: 3, 128: 3, 129: 6, 130: 1, 131: 5, 132: 1, 133: 24, 134: 7, 135: 1, 136: 4, 137: 2, 138: 5, 139: 5, 140: 3, 141: 3, 142: 2, 143: 1, 144: 3, 145: 1, 146: 1, 147: 5, 148: 22, 149: 4, 150: 13, 151: 15, 152: 2, 153: 49, 154: 10, 155: 7, 156: 2, 157: 19, 158: 21, 159: 6, 160: 3, 161: 0, 162: 3, 163: 2, 164: 10, 165: 4, 166: 50, 167: 7, 168: 18, 169: 6, 170: 1, 171: 2, 172: 9, 173: 2, 174: 3, 175: 7, 176: 9, 177: 2, 178: 1, 179: 1, 180: 1, 181: 2, 182: 5, 183: 1, 184: 3, 185: 2, 186: 4, 187: 6, 188: 1, 189: 2, 190: 3, 191: 8, 192: 3, 193: 4, 194: 1, 195: 4, 196: 13, 197: 7, 198: 1, 199: 4, 200: 17, 201: 3, 202: 3, 203: 12, 204: 4, 205: 5, 206: 6, 207: 3, 208: 2, 209: 13, 210: 3, 211: 9, 212: 3, 213: 2, 214: 2, 215: 5, 216: 1, 217: 14, 218: 33, 219: 13, 220: 10, 221: 11, 222: 3, 223: 7, 224: 9, 225: 8, 226: 3, 227: 3, 228: 9, 229: 3, 230: 1, 231: 2, 232: 13, 233: 2, 234: 27, 235: 14, 236: 9, 237: 27, 238: 3, 239: 2, 240: 3, 241: 9, 242: 5, 243: 12, 244: 10, 245: 5, 246: 6, 247: 4, 248: 3, 249: 2, 250: 25, 251: 17, 252: 8, 253: 18, 254: 6, 255: 7, 256: 2, 257: 6, 258: 5, 259: 5, 260: 4, 261: 1, 262: 4, 263: 4, 264: 3, 265: 4, 266: 2, 267: 2, 268: 1, 269: 2, 270: 10, 271: 2, 272: 16, 273: 3, 274: 23, 275: 17, 276: 11, 277: 6, 278: 1, 279: 13, 280: 10, 281: 9, 282: 30, 283: 11, 284: 6, 285: 4, 286: 1, 287: 2, 288: 4, 289: 7, 290: 9, 291: 1, 292: 9, 293: 33, 294: 10, 295: 6, 296: 1, 297: 3, 298: 7, 299: 9, 300: 6, 301: 1, 302: 4, 303: 3, 304: 2, 305: 5, 306: 1, 307: 11, 308: 1, 309: 2, 310: 2, 311: 2, 312: 6, 313: 5, 314: 8, 315: 3, 316: 3, 317: 5, 318: 5, 319: 3, 320: 2, 321: 2, 322: 6, 323: 2, 324: 9, 325: 4, 326: 7, 327: 2, 328: 7, 329: 10, 330: 2, 331: 2, 332: 5, 333: 6, 334: 4, 335: 2, 336: 7, 337: 3, 338: 2, 339: 1, 340: 12, 341: 2, 342: 4, 343: 3, 344: 11, 345: 1, 346: 9, 347: 8, 348: 6, 349: 7, 350: 9, 351: 14, 352: 2, 353: 3, 354: 3, 355: 1, 356: 2, 357: 7, 358: 2, 359: 2, 360: 2, 361: 2, 362: 1, 363: 3, 364: 3, 365: 8, 366: 2, 367: 6, 368: 13, 369: 2, 370: 4, 371: 5, 372: 3, 373: 7, 374: 13, 375: 1, 376: 5, 377: 2, 378: 6, 379: 8, 380: 8, 381: 9, 382: 4, 383: 1, 384: 4, 385: 8, 386: 8, 387: 4, 388: 6, 389: 3, 390: 1, 391: 2, 392: 2, 393: 7, 394: 9, 395: 4, 396: 11, 397: 8, 398: 6, 399: 8, 400: 8, 401: 9, 402: 3, 403: 2, 404: 3, 405: 2, 406: 6, 407: 1, 408: 2, 409: 2, 410: 3, 411: 1, 412: 3, 413: 1, 414: 1, 415: 1, 416: 3, 417: 5, 418: 3, 419: 5, 420: 4, 421: 3, 422: 9, 423: 1, 424: 9, 425: 5, 426: 1, 427: 14, 428: 2, 429: 4, 430: 2, 431: 7, 432: 2, 433: 3, 434: 10, 435: 4, 436: 6, 437: 7, 438: 1, 439: 2, 440: 10, 441: 5, 442: 8, 443: 1, 444: 2, 445: 3, 446: 4, 447: 1, 448: 1, 449: 3, 450: 3, 451: 2, 452: 2, 453: 3, 454: 1, 455: 2, 456: 3, 457: 1, 458: 3, 459: 2, 460: 5, 461: 3, 462: 16, 463: 9, 464: 1, 465: 3, 466: 1, 467: 1, 468: 2, 469: 2, 470: 3, 471: 2, 472: 10, 473: 1, 474: 4, 475: 7, 476: 3, 477: 3, 478: 2, 479: 1, 480: 6, 481: 2, 482: 1, 483: 3, 484: 10, 485: 1, 486: 2, 487: 9, 488: 2, 489: 3, 490: 5, 491: 1, 492: 3, 493: 2, 494: 4, 495: 4, 496: 1, 497: 0, 498: 1, 499: 4, 500: 2, 501: 0, 502: 4, 503: 11, 504: 1, 505: 0, 506: 1, 507: 2, 508: 5, 509: 3, 510: 4, 511: 5, 512: 1, 513: 13, 514: 1, 515: 1, 516: 2, 517: 3, 518: 2, 519: 2, 520: 1, 521: 2, 522: 2, 523: 3, 524: 1, 525: 1, 526: 5, 527: 5, 528: 3, 529: 2, 530: 3, 531: 1, 532: 1, 533: 2, 534: 5, 535: 4, 536: 3, 537: 1, 538: 2, 539: 2, 540: 5, 541: 4, 542: 2, 543: 3, 544: 1, 545: 6, 546: 2, 547: 1, 548: 6, 549: 4, 550: 4, 551: 5, 552: 7, 553: 1, 554: 0, 555: 1, 556: 1, 557: 1, 558: 2, 559: 5, 560: 3, 561: 5, 562: 7, 563: 1, 564: 2, 565: 4, 566: 1, 567: 4, 568: 1, 569: 3, 570: 1, 571: 2, 572: 2, 573: 6, 574: 2, 575: 3, 576: 4, 577: 4, 578: 3, 579: 4, 580: 1, 581: 1, 582: 1, 583: 3, 584: 2, 585: 1, 586: 3, 587: 2, 588: 3, 589: 3, 590: 1, 591: 4, 592: 2, 593: 3, 594: 2, 595: 1, 596: 1, 597: 1, 598: 2, 599: 1, 600: 2, 601: 2, 602: 1, 603: 2, 604: 4, 605: 7, 606: 2, 607: 1, 608: 2, 609: 2, 610: 8, 611: 2, 612: 2, 613: 2, 614: 3, 615: 1, 616: 1, 617: 1, 618: 2, 619: 5, 620: 2, 621: 4, 622: 2, 623: 2, 624: 2, 625: 2, 626: 1, 627: 4, 628: 7, 629: 3, 630: 2, 631: 3, 632: 2, 633: 2, 634: 2, 635: 1, 636: 3, 637: 2, 638: 3, 639: 6, 640: 3, 641: 2, 642: 5, 643: 2, 644: 1, 645: 1, 646: 1, 647: 1, 648: 1, 649: 1, 650: 3, 651: 2, 652: 1, 653: 1, 654: 1, 655: 1, 656: 1, 657: 4, 658: 3, 659: 2, 660: 2, 661: 1, 662: 2, 663: 1, 664: 1, 665: 1, 666: 1}
[0, 0, 0, 0, 0, 0, 1, 1, 1, 1, 1, 1, 1, 1, 1, 1, 1, 1, 1, 1, 1, 1, 1, 1, 1, 1, 1, 1, 1, 1, 1, 1, 1, 1, 1, 1, 1, 1, 1, 1, 1, 1, 1, 1, 1, 1, 1, 1, 1, 1, 1, 1, 1, 1, 1, 1, 1, 1, 1, 1, 1, 1, 1, 1, 1, 1, 1, 1, 1, 1, 1, 1, 1, 1, 1, 1, 1, 1, 1, 1, 1, 1, 1, 1, 1, 1, 1, 1, 1, 1, 1, 1, 1, 1, 1, 1, 1, 1, 1, 1, 1, 1, 1, 1, 1, 1, 1, 1, 1, 1, 1, 1, 1, 1, 1, 1, 1, 1, 1, 1, 1, 1, 1, 1, 1, 1, 1, 1, 1, 1, 1, 1, 2, 2, 2, 2, 2, 2, 2, 2, 2, 2, 2, 2, 2, 2, 2, 2, 2, 2, 2, 2, 2, 2, 2, 2, 2, 2, 2, 2, 2, 2, 2, 2, 2, 2, 2, 2, 2, 2, 2, 2, 2, 2, 2, 2, 2, 2, 2, 2, 2, 2, 2, 2, 2, 2, 2, 2, 2, 2, 2, 2, 2, 2, 2, 2, 2, 2, 2, 2, 2, 2, 2, 2, 2, 2, 2, 2, 2, 2, 2, 2, 2, 2, 2, 2, 2, 2, 2, 2, 2, 2, 2, 2, 2, 2, 2, 2, 2, 2, 2, 2, 2, 2, 2, 2, 2, 2, 2, 2, 2, 2, 2, 2, 2, 2, 2, 2, 2, 2, 2, 2, 2, 2, 2, 2, 2, 2, 2, 2, 2, 2, 2, 2, 2, 2, 2, 2, 2, 2, 2, 2, 2, 2, 2, 3, 3, 3, 3, 3, 3, 3, 3, 3, 3, 3, 3, 3, 3, 3, 3, 3, 3, 3, 3, 3, 3, 3, 3, 3, 3, 3, 3, 3, 3, 3, 3, 3, 3, 3, 3, 3, 3, 3, 3, 3, 3, 3, 3, 3, 3, 3, 3, 3, 3, 3, 3, 3, 3, 3, 3, 3, 3, 3, 3, 3, 3, 3, 3, 3, 3, 3, 3, 3, 3, 3, 3, 3, 3, 3, 3, 3, 3, 3, 3, 3, 3, 3, 3, 3, 3, 3, 3, 3, 3, 3, 3, 3, 3, 3, 3, 3, 3, 3, 3, 3, 3, 3, 3, 3, 3, 3, 3, 3, 3, 3, 4, 4, 4, 4, 4, 4, 4, 4, 4, 4, 4, 4, 4, 4, 4, 4, 4, 4, 4, 4, 4, 4, 4, 4, 4, 4, 4, 4, 4, 4, 4, 4, 4, 4, 4, 4, 4, 4, 4, 4, 4, 4, 4, 4, 4, 4, 4, 4, 4, 4, 4, 4, 4, 4, 4, 4, 5, 5, 5, 5, 5, 5, 5, 5, 5, 5, 5, 5, 5, 5, 5, 5, 5, 5, 5, 5, 5, 5, 5, 5, 5, 5, 5, 5, 5, 5, 5, 5, 5, 5, 5, 5, 5, 5, 5, 5, 5, 5, 5, 5, 5, 5, 5, 5, 5, 5, 6, 6, 6, 6, 6, 6, 6, 6, 6, 6, 6, 6, 6, 6, 6, 6, 6, 6, 6, 6, 6, 6, 6, 6, 6, 6, 6, 6, 6, 6, 6, 6, 7, 7, 7, 7, 7, 7, 7, 7, 7, 7, 7, 7, 7, 7, 7, 7, 7, 7, 7, 7, 7, 7, 7, 7, 7, 7, 7, 7, 7, 8, 8, 8, 8, 8, 8, 8, 8, 8, 8, 8, 8, 8, 8, 8, 8, 8, 8, 8, 8, 9, 9, 9, 9, 9, 9, 9, 9, 9, 9, 9, 9, 9, 9, 9, 9, 9, 9, 9, 9, 9, 9, 9, 9, 10, 10, 10, 10, 10, 10, 10, 10, 10, 10, 10, 10, 11, 11, 11, 11, 11, 11, 11, 11, 11, 12, 12, 12, 12, 13, 13, 13, 13, 13, 13, 13, 13, 13, 13, 13, 14, 14, 14, 14, 14, 15, 15, 16, 16, 16, 17, 17, 17, 18, 18, 19, 19, 21, 22, 23, 24, 25, 26, 27, 27, 30, 31, 33, 33, 47, 49, 50, 160]
add node community is
109
no
add node is
3594
delete node
3009
Number of activated nodes are: 
737
