61
0 1
0 2
1 2
1 3
1 4
2 5
2 3
3 5
3 4
4 5
4 12
4 13
5 12
5 6
6 7
6 12
7 11
7 8
7 9
8 9
8 11
8 10
9 10
9 18
10 16
11 12
11 13
11 10
11 14
11 17
12 13
12 14
13 14
10 14
14 15
14 20
14 44
15 16
15 17
16 17
16 18
17 18
19 14
19 20
19 44
20 21
20 28
20 44
21 22
21 23
21 27
21 28
22 23
23 24
23 26
24 25
24 30
24 26
25 31
25 30
26 31
26 32
26 27
27 28
27 30
27 32
28 29
28 33
29 32
30 31
31 32
31 35
32 33
32 34
33 34
34 35
36 39
36 38
36 60
36 37
37 40
37 41
38 39
38 52
38 42
38 57
39 42
40 41
40 43
41 43
42 58
42 44
43 44
43 53
44 53
44 49
44 47
45 57
45 47
45 46
45 48
46 48
47 58
47 59
47 48
47 53
47 43
48 59
49 50
49 51
50 51
50 52
50 59
51 52
52 53
53 55
52 54
53 54
54 55
54 56
56 55
56 37
57 60
57 58
58 60
